#Create the table dataframe of sample size, power,delta and alpha
s<-c(5452,4627,3972,3278,2268,4827,3870,3273,2846,1748,3972,3273,2726,2157,1355,3278,2846,2157,1655,964,2268,1748,1355,964,459,1370,1163,998,824,570,1163,973,823,665,440,998,823,685,542,341,824,685,542,416,243,570,440,341,243,116,614,521,448,370,256,521,436,369,298,197,448,369,307,243,153,370,298,243,187,109,256,197,153,109,52,350,297,255,211,148,297,248,210,170,112,255,210,175,139,87,211,170,139,106,62,146,112,87,62,30,227,193,166,137,95,193,162,137,111,73,166,137,114,90,57,137,111,90,69,41,95,73,57,41,20,161,137,117,97,67,137,114,97,76,52,117,97,81,64,40,97,78,64,19,29,67,52,40,29,14,121,103,88,73,51,103,86,73,59,39,88,73,61,48,30,73,59,48,37,22,51,39,30,22,11,96,81,69,57,40,81,68,57,46,31,69,57,48,38,24,57,46,38,29,17,40,31,24,17,8,77,66,58,47,32,65,55,46,38,25,56,48,39,31,20,47,38,31,24,14,32,25,20,14,7,64,55,47,39,27,55,46,39,32,21,47,39,32,26,16,39,32,25,20,12,27,21,16,12,6,55,47,40,33,23,47,39,33,27,18,40,33,28,22,14,33,27,22,17,10,23,18,14,10,5,48,41,35,29,20,41,34,29,24,16,35,29,24,19,12,29,24,19,15,9,20,16,12,9,4,43,36,31,26,18,36,30,26,21,14,31,26,22,17,11,26,21,17,13,8,18,14,11,8,4,38,32,28,23,16,32,27,23,19,13,28,23,19,15,10,23,19,15,12,7,16,13,10,7,4,35,30,25,21,15,30,25,21,17,11,25,21,18,14,9,21,17,14,11,7,15,11,9,7,3,32,27,23,19,14,27,23,19,16,11,23,19,16,13,8,19,16,13,10,6,14,11,8,6,3,30,25,22,18,13,25,21,18,15,10,22,18,15,12,8,18,15,12,9,6,13,10,8,6,3,28,24,20,17,12,24,20,17,14,9,20,17,14,11,7,17,14,11,9,5,12,9,7,5,3,26,22,19,15,11,22,19,16,13,9,19,16,13,11,7,16,13,11,8,5,11,9,7,5,3,25,21,18,15,11,21,18,15,12,8,18,15,13,10,7,15,12,10,8,5,11,8,7,5,3,22,19,16,14,10,19,16,14,11,8,16,14,11,9,6,14,11,9,7,4,10,8,6,4,2,21,18,15,13,9,18,15,13,10,7,15,13,11,9,6,13,10,9,7,4,9,7,6,4,2,20,17,15,12,9,17,14,12,10,7,15,12,10,8,5,12,10,8,6,4,9,7,5,4,2,19,16,14,12,8,16,14,12,10,6,14,12,10,8,5,12,10,8,6,4,8,6,5,4,2,18,16,13,11,8,16,13,11,9,6,13,11,9,8,5,11,9,8,6,4,8,6,5,4,2,18,15,13,11,8,15,13,11,9,6,13,11,9,7,5,11,9,7,6,4,8,6,5,4,2)
d<-c(0.1,0.1,0.1,0.1,0.1,0.1,0.1,0.1,0.1,0.1,0.1,0.1,0.1,0.1,0.1,0.1,0.1,0.1,0.1,0.1,0.1,0.1,0.1,0.1,0.1,0.2,0.2,0.2,0.2,0.2,0.2,0.2,0.2,0.2,0.2,0.2,0.2,0.2,0.2,0.2,0.2,0.2,0.2,0.2,0.2,0.2,0.2,0.2,0.2,0.2,0.3,0.3,0.3,0.3,0.3,0.3,0.3,0.3,0.3,0.3,0.3,0.3,0.3,0.3,0.3,0.3,0.3,0.3,0.3,0.3,0.3,0.3,0.3,0.3,0.3,0.4,0.4,0.4,0.4,0.4,0.4,0.4,0.4,0.4,0.4,0.4,0.4,0.4,0.4,0.4,0.4,0.4,0.4,0.4,0.4,0.4,0.4,0.4,0.4,0.4,0.5,0.5,0.5,0.5,0.5,0.5,0.5,0.5,0.5,0.5,0.5,0.5,0.5,0.5,0.5,0.5,0.5,0.5,0.5,0.5,0.5,0.5,0.5,0.5,0.5,0.6,0.6,0.6,0.6,0.6,0.6,0.6,0.6,0.6,0.6,0.6,0.6,0.6,0.6,0.6,0.6,0.6,0.6,0.6,0.6,0.6,0.6,0.6,0.6,0.6,0.7,0.7,0.7,0.7,0.7,0.7,0.7,0.7,0.7,0.7,0.7,0.7,0.7,0.7,0.7,0.7,0.7,0.7,0.7,0.7,0.7,0.7,0.7,0.7,0.7,0.8,0.8,0.8,0.8,0.8,0.8,0.8,0.8,0.8,0.8,0.8,0.8,0.8,0.8,0.8,0.8,0.8,0.8,0.8,0.8,0.8,0.8,0.8,0.8,0.8,0.9,0.9,0.9,0.9,0.9,0.9,0.9,0.9,0.9,0.9,0.9,0.9,0.9,0.9,0.9,0.9,0.9,0.9,0.9,0.9,0.9,0.9,0.9,0.9,0.9,1,1,1,1,1,1,1,1,1,1,1,1,1,1,1,1,1,1,1,1,1,1,1,1,1,1.1,1.1,1.1,1.1,1.1,1.1,1.1,1.1,1.1,1.1,1.1,1.1,1.1,1.1,1.1,1.1,1.1,1.1,1.1,1.1,1.1,1.1,1.1,1.1,1.1,1.2,1.2,1.2,1.2,1.2,1.2,1.2,1.2,1.2,1.2,1.2,1.2,1.2,1.2,1.2,1.2,1.2,1.2,1.2,1.2,1.2,1.2,1.2,1.2,1.2,1.3,1.3,1.3,1.3,1.3,1.3,1.3,1.3,1.3,1.3,1.3,1.3,1.3,1.3,1.3,1.3,1.3,1.3,1.3,1.3,1.3,1.3,1.3,1.3,1.3,1.4,1.4,1.4,1.4,1.4,1.4,1.4,1.4,1.4,1.4,1.4,1.4,1.4,1.4,1.4,1.4,1.4,1.4,1.4,1.4,1.4,1.4,1.4,1.4,1.4,1.5,1.5,1.5,1.5,1.5,1.5,1.5,1.5,1.5,1.5,1.5,1.5,1.5,1.5,1.5,1.5,1.5,1.5,1.5,1.5,1.5,1.5,1.5,1.5,1.5,1.6,1.6,1.6,1.6,1.6,1.6,1.6,1.6,1.6,1.6,1.6,1.6,1.6,1.6,1.6,1.6,1.6,1.6,1.6,1.6,1.6,1.6,1.6,1.6,1.6,1.7,1.7,1.7,1.7,1.7,1.7,1.7,1.7,1.7,1.7,1.7,1.7,1.7,1.7,1.7,1.7,1.7,1.7,1.7,1.7,1.7,1.7,1.7,1.7,1.7,1.8,1.8,1.8,1.8,1.8,1.8,1.8,1.8,1.8,1.8,1.8,1.8,1.8,1.8,1.8,1.8,1.8,1.8,1.8,1.8,1.8,1.8,1.8,1.8,1.8,1.9,1.9,1.9,1.9,1.9,1.9,1.9,1.9,1.9,1.9,1.9,1.9,1.9,1.9,1.9,1.9,1.9,1.9,1.9,1.9,1.9,1.9,1.9,1.9,1.9,2,2,2,2,2,2,2,2,2,2,2,2,2,2,2,2,2,2,2,2,2,2,2,2,2,2.25,2.25,2.25,2.25,2.25,2.25,2.25,2.25,2.25,2.25,2.25,2.25,2.25,2.25,2.25,2.25,2.25,2.25,2.25,2.25,2.25,2.25,2.25,2.25,2.25,2.5,2.5,2.5,2.5,2.5,2.5,2.5,2.5,2.5,2.5,2.5,2.5,2.5,2.5,2.5,2.5,2.5,2.5,2.5,2.5,2.5,2.5,2.5,2.5,2.5,2.75,2.75,2.75,2.75,2.75,2.75,2.75,2.75,2.75,2.75,2.75,2.75,2.75,2.75,2.75,2.75,2.75,2.75,2.75,2.75,2.75,2.75,2.75,2.75,2.75,4,4,4,4,4,4,4,4,4,4,4,4,4,4,4,4,4,4,4,4,4,4,4,4,4,4.5,4.5,4.5,4.5,4.5,4.5,4.5,4.5,4.5,4.5,4.5,4.5,4.5,4.5,4.5,4.5,4.5,4.5,4.5,4.5,4.5,4.5,4.5,4.5,4.5,5,5,5,5,5,5,5,5,5,5,5,5,5,5,5,5,5,5,5,5,5,5,5,5,5)
p<-c(0.99,0.975,0.95,0.9,0.75,0.99,0.975,0.95,0.9,0.75,0.99,0.975,0.95,0.9,0.75,0.99,0.975,0.95,0.9,0.75,0.99,0.025,0.05,0.1,0.25,0.99,0.975,0.95,0.9,0.75,0.99,0.975,0.95,0.9,0.75,0.99,0.975,0.95,0.9,0.75,0.99,0.975,0.95,0.9,0.75,0.99,0.025,0.05,0.1,0.25,0.99,0.975,0.95,0.9,0.75,0.99,0.975,0.95,0.9,0.75,0.99,0.975,0.95,0.9,0.75,0.99,0.975,0.95,0.9,0.75,0.99,0.025,0.05,0.1,0.25,0.99,0.975,0.95,0.9,0.75,0.99,0.975,0.95,0.9,0.75,0.99,0.975,0.95,0.9,0.75,0.99,0.975,0.95,0.9,0.75,0.99,0.025,0.05,0.1,0.25,0.99,0.975,0.95,0.9,0.75,0.99,0.975,0.95,0.9,0.75,0.99,0.975,0.95,0.9,0.75,0.99,0.975,0.95,0.9,0.75,0.99,0.025,0.05,0.1,0.25,0.99,0.975,0.95,0.9,0.75,0.99,0.975,0.95,0.9,0.75,0.99,0.975,0.95,0.9,0.75,0.99,0.975,0.95,0.9,0.75,0.99,0.025,0.05,0.1,0.25,0.99,0.975,0.95,0.9,0.75,0.99,0.975,0.95,0.9,0.75,0.99,0.975,0.95,0.9,0.75,0.99,0.975,0.95,0.9,0.75,0.99,0.025,0.05,0.1,0.25,0.99,0.975,0.95,0.9,0.75,0.99,0.975,0.95,0.9,0.75,0.99,0.975,0.95,0.9,0.75,0.99,0.975,0.95,0.9,0.75,0.99,0.025,0.05,0.1,0.25,0.99,0.975,0.95,0.9,0.75,0.99,0.975,0.95,0.9,0.75,0.99,0.975,0.95,0.9,0.75,0.99,0.975,0.95,0.9,0.75,0.99,0.025,0.05,0.1,0.25,0.99,0.975,0.95,0.9,0.75,0.99,0.975,0.95,0.9,0.75,0.99,0.975,0.95,0.9,0.75,0.99,0.975,0.95,0.9,0.75,0.99,0.025,0.05,0.1,0.25,0.99,0.975,0.95,0.9,0.75,0.99,0.975,0.95,0.9,0.75,0.99,0.975,0.95,0.9,0.75,0.99,0.975,0.95,0.9,0.75,0.99,0.025,0.05,0.1,0.25,0.99,0.975,0.95,0.9,0.75,0.99,0.975,0.95,0.9,0.75,0.99,0.975,0.95,0.9,0.75,0.99,0.975,0.95,0.9,0.75,0.99,0.025,0.05,0.1,0.25,0.99,0.975,0.95,0.9,0.75,0.99,0.975,0.95,0.9,0.75,0.99,0.975,0.95,0.9,0.75,0.99,0.975,0.95,0.9,0.75,0.99,0.025,0.05,0.1,0.25,0.99,0.975,0.95,0.9,0.75,0.99,0.975,0.95,0.9,0.75,0.99,0.975,0.95,0.9,0.75,0.99,0.975,0.95,0.9,0.75,0.99,0.025,0.05,0.1,0.25,0.99,0.975,0.95,0.9,0.75,0.99,0.975,0.95,0.9,0.75,0.99,0.975,0.95,0.9,0.75,0.99,0.975,0.95,0.9,0.75,0.99,0.025,0.05,0.1,0.25,0.99,0.975,0.95,0.9,0.75,0.99,0.975,0.95,0.9,0.75,0.99,0.975,0.95,0.9,0.75,0.99,0.975,0.95,0.9,0.75,0.99,0.025,0.05,0.1,0.25,0.99,0.975,0.95,0.9,0.75,0.99,0.975,0.95,0.9,0.75,0.99,0.975,0.95,0.9,0.75,0.99,0.975,0.95,0.9,0.75,0.99,0.025,0.05,0.1,0.25,0.99,0.975,0.95,0.9,0.75,0.99,0.975,0.95,0.9,0.75,0.99,0.975,0.95,0.9,0.75,0.99,0.975,0.95,0.9,0.75,0.99,0.025,0.05,0.1,0.25,0.99,0.975,0.95,0.9,0.75,0.99,0.975,0.95,0.9,0.75,0.99,0.975,0.95,0.9,0.75,0.99,0.975,0.95,0.9,0.75,0.99,0.025,0.05,0.1,0.25,0.99,0.975,0.95,0.9,0.75,0.99,0.975,0.95,0.9,0.75,0.99,0.975,0.95,0.9,0.75,0.99,0.975,0.95,0.9,0.75,0.99,0.025,0.05,0.1,0.25,0.99,0.975,0.95,0.9,0.75,0.99,0.975,0.95,0.9,0.75,0.99,0.975,0.95,0.9,0.75,0.99,0.975,0.95,0.9,0.75,0.99,0.025,0.05,0.1,0.25,0.99,0.975,0.95,0.9,0.75,0.99,0.975,0.95,0.9,0.75,0.99,0.975,0.95,0.9,0.75,0.99,0.975,0.95,0.9,0.75,0.99,0.025,0.05,0.1,0.25,0.99,0.975,0.95,0.9,0.75,0.99,0.975,0.95,0.9,0.75,0.99,0.975,0.95,0.9,0.75,0.99,0.975,0.95,0.9,0.75,0.99,0.025,0.05,0.1,0.25,0.99,0.975,0.95,0.9,0.75,0.99,0.975,0.95,0.9,0.75,0.99,0.975,0.95,0.9,0.75,0.99,0.975,0.95,0.9,0.75,0.99,0.025,0.05,0.1,0.25,0.99,0.975,0.95,0.9,0.75,0.99,0.975,0.95,0.9,0.75,0.99,0.975,0.95,0.9,0.75,0.99,0.975,0.95,0.9,0.75,0.99,0.025,0.05,0.1,0.25,0.99,0.975,0.95,0.9,0.75,0.99,0.975,0.95,0.9,0.75,0.99,0.975,0.95,0.9,0.75,0.99,0.975,0.95,0.9,0.75,0.99,0.025,0.05,0.1,0.25)
